100801B 17.32 -99.89 6356.0
122302C 17.02 -85.74 6350.1
201302061103A -10.63 165.14 6347.6
200509260155A -5.6 -76.2 6262.9
201404030158A -20.34 -70.88 6337.3
200802161445A -21.58 -68.77 6235.7
101792B -19.02 169.5 6356.0
200709291536A -21.18 169.28 6356.0
041100A -27.93 -178.03 6182.7
041188A -18.45 -172.08 6356.0
200712130520A -23.21 -70.98 6353.7
201008121154A -1.51 -77.51 6173.2
080485B -45.37 -76.14 6361.0
201001290919A -18.84 169.7 6359.0
201708190200A -17.8 -178.77 5811.2
200504130358A -29.73 -177.36 6330.9
041692C -20.3 -68.92 6240.9
030385A -33.92 -71.71 6330.3
201009300026A -36.51 -74.07 6358.6
041094C 14.48 -92.27 6297.1
091604B -17.5 -72.82 6352.2
082093G -26.01 -174.9 6345.0
062295B -16.36 168.14 6356.0
201504262335A -8.33 -80.16 6344.5
200707090650A -26.08 -177.83 6356.9
201210080626A 25.17 -109.73 6351.3
201301310518A -10.62 166.47 6359.0
201705201758A 17.17 -94.1 6224.0
012395A -26.99 -175.91 6356.0
051094A -19.97 -70.72 6313.0
122503A 8.38 -82.81 6340.9
200910081011A -11.4 165.57 6339.9
201503172016A -17.79 -178.57 5811.0
081090D -19.65 -177.49 5981.8
201303252302A 14.62 -90.71 6184.6
050197D 18.96 -107.15 6356.0
201603191024A 11.76 -89.16 6359.0
200703232230A -18.87 -178.24 5726.4
030395E -14.58 -175.3 6356.0
113099D -21.51 169.0 6355.9
201211221307A -22.86 -63.69 5826.6
200811232119A -36.38 -73.36 6333.2
201204281008A -18.79 -174.26 6230.3
200712280411A -13.64 166.39 6342.7
201208261122A -65.3 -179.83 6358.5
201302181632A -30.66 -177.89 6318.7
010793B -31.93 -178.05 6356.0
201510171133A -25.35 -64.59 6348.2
090203D -15.14 -172.92 6356.0
042089B -9.43 -79.16 6307.9
201711010509A -21.82 169.16 6359.0
201706031917A -62.57 155.4 6359.0
071504C -17.68 -178.52 5793.8
201709260420A -23.79 -176.47 6260.3
021495C -23.64 -67.88 6211.5
200906080513A 15.99 -86.99 6359.0
090394J -21.16 173.8 6348.9
200709260443A -4.06 -79.43 6265.0
201407071123A 14.8 -92.7 6308.1
201003290735A -34.92 -72.01 6317.8
110501D -17.12 -178.96 5791.3
011498E -15.49 -179.15 6356.0
041298G -15.76 -71.91 6329.9
032796E 11.73 -88.61 6356.0
201107090653A -21.43 -173.94 6352.8
201203201802A 16.6 -98.39 6355.6
062992A -10.81 161.45 6315.9
201108220938A -28.88 -176.15 6356.0
201503230451A -18.47 -69.44 6230.2
040691B -14.86 -175.36 6356.0
101602E -15.44 -172.67 6319.9
201505202248A -10.78 163.91 6352.0
200910020107A -16.45 -173.06 6359.0
081387B -18.08 -71.59 6335.1
200702251500A 26.18 -110.65 6351.9
061289C -22.48 -175.88 6303.3
031702J -36.73 -179.09 6356.0
200907162218A -46.12 165.85 6352.6
201305270941A 9.46 -82.67 6351.3
041989A -31.36 -177.54 6351.3
101395A -58.65 158.22 6356.0
201311230748A -17.09 -176.38 5984.4
030490A -15.68 168.62 6338.0
201101131204A -36.87 179.82 6352.1
201606061316A -30.13 -71.8 6331.9
201202260521A -24.81 -177.1 6355.4
200911091044A -17.11 178.53 5767.1
092999E -30.94 -72.6 6356.0
040892A -16.29 168.49 6356.0
200603070628A -14.9 167.2 6227.2
201203252237A -35.31 -72.41 6337.2
201109031620A -38.27 -74.17 6352.7
052298A -17.6 -65.2 6356.0
201402121143A -22.2 -68.71 6240.0
052189E -17.64 -178.91 5771.8
041891C -22.82 -179.4 5888.5
200811251504A -22.94 -174.54 6353.1
030301E -39.48 -75.45 6356.0
200605010748B 8.11 -82.88 6359.0
200901151615A -10.41 161.29 6284.8
200612171251A -21.37 -173.88 6351.0
201606141349A -18.83 168.7 6244.4
100395I -2.88 -77.77 6356.0
111093D -14.64 -176.89 5983.8
100290C -24.08 -174.49 6356.0
061893E -28.5 -176.4 6356.0
100901C -23.07 -175.08 6356.0
200902241239A -23.25 170.43 6359.0
201003071559A -38.22 -73.78 6346.0
022895C 6.77 -82.31 6356.0
201403191600A -27.98 -176.69 6334.4
201010192039A -20.53 -173.1 6359.0
080492C -21.22 -176.82 6109.0
061699C -17.05 -173.02 6294.6
121894C -17.55 -178.6 5797.2
201606190947A -20.27 168.6 6351.1
031193F -16.79 -172.26 6356.0
201104221714A -22.9 -174.18 6358.0
201302101839A -11.02 165.32 6359.0
201411131024A -15.28 173.13 6359.0
090304D -14.98 -173.07 6356.0
010498A -22.31 171.08 6256.7
062901E -19.68 -66.39 6083.8
200910141800A -14.9 -174.61 6358.3
201102280129A -37.46 -73.69 6345.7
020798D -14.86 167.31 6244.4
010191A 18.36 -106.01 6356.0
021394D -20.54 168.62 6356.0
031400E -61.67 160.92 6356.0
201406191954A -19.8 -71.15 6348.0
111589B -52.74 159.14 6356.0
021499H -15.52 168.1 6356.0
091981B -39.45 -74.94 6356.0
201001210803A 8.24 -110.49 6347.9
121897C 13.94 -89.19 6193.4
112593B -21.96 169.97 6352.1
200808251125A -39.67 176.91 6345.5
201603010926A -33.03 -178.02 6353.0
081488C -27.31 -71.23 6332.1
021989D -15.11 166.82 6267.6
121304C 13.3 -89.81 6311.0
060696A -21.39 168.98 6356.0
201611140034A -42.44 173.07 6358.5
201708131651A -10.72 -74.64 6331.6
040304H -20.75 -173.51 6358.0
101892G 7.27 -76.34 6356.0
201403150859A -14.1 -76.53 6349.1
101202H -8.3 -71.66 5831.6
200912241401A -15.89 -74.02 6300.3
200507020216A 11.06 -86.7 6343.0
201308160531A -41.76 174.17 6353.5
062291A 23.64 -108.45 6356.0
201801191617A 26.78 -111.06 6353.7
122703A -22.13 169.27 6356.0
201509170410A -31.65 -71.94 6334.4
200604172349A -12.59 166.12 6342.5
081489A -19.24 176.83 6356.0
200508111150A -22.04 170.25 6359.0
200804151724A -18.59 -175.6 6358.2
200503140804A -45.1 166.62 6359.0
100695C -19.79 -175.52 6154.1
201010061943A -17.75 -173.45 6288.6
040189A -32.86 -70.19 6252.0
051695F -23.05 170.0 6346.3
201305071010A -19.62 175.08 6359.0
201112150712A -29.34 -175.94 6359.0
012798D -22.53 179.29 5754.1
201205290333A -22.12 -179.37 5774.6
090702C -20.29 -175.61 6162.6
201509070913A -32.83 -177.73 6359.0
201006092323A -18.41 169.59 6358.6
