0.36968 -20.034292189061734 139.88121014763266 81.66259877950388 259.79702897139674 reflection_top
1.86564 -51.89300171775357 -139.69659053981877 93.23477627934625 147.48403206507086 reflection_top
6.69454 11.729565791998983 165.60937388814142 69.64736935615677 330.29024049879536 reflection_top
1.52234 21.599894381272673 -151.71180565367635 96.74946732925001 34.37648171459721 reflection_top
0.87430 9.719323694178206 -146.34274343983094 85.95020288753344 51.266305310583306 reflection_top
-1.82285 -5.82462618246232 -131.69656761188102 96.11113797377384 81.12070274870489 reflection_top
-1.44399 -13.46470594385578 151.1049011415866 61.94580809745969 273.8298517309439 reflection_top
-0.57716 19.18365680695652 -169.34204638437117 78.47162014333672 13.570560490150312 reflection_top
2.05725 -5.171661271227629 174.952149427549 30.07279912474811 330.9433307687622 reflection_top
4.00706 -17.767219835782196 -179.9472710963115 3.635359657898326 269.81472470105996 reflection_top
1.84175 -22.80629527854127 -127.80294918435472 96.83121559833806 104.95477404857982 reflection_top
1.83344 8.340881752022776 -150.48313462699974 78.03159219101184 48.538962571618725 reflection_top
1.83322 8.341716281046441 -150.4835093313699 78.0322226985235 48.53756089839767 reflection_top
3.17177 -26.41895404349866 -146.215100883271 63.53131510916263 112.0428153922247 reflection_top
2.43672 -30.940036810274528 167.625055949597 38.53181553816653 221.8193497226332 reflection_top
1.14170 20.180911663900776 153.34532822109367 96.83236710834062 322.3135734308605 reflection_top
0.82059 -20.411062246364917 159.2158594581796 44.86681620734284 259.3093956015062 reflection_top
1.83338 8.34098658273356 -150.48223967371078 78.03301950361454 48.53984026237925 reflection_top
1.83322 8.341716281046441 -150.4835093313699 78.0322226985235 48.53756089839767 reflection_top
1.83322 8.341716281046441 -150.4835093313699 78.0322226985235 48.53756089839767 reflection_top
2.65261 15.79251229813485 -177.58315408353252 69.66373556386193 0.9517303866002241 reflection_top
2.65261 15.79251229813485 -177.58315408353252 69.66373556386193 0.9517303866002241 reflection_top
2.65261 15.79251229813485 -177.58315408353252 69.66373556386193 0.9517303866002241 reflection_top
2.16044 -15.95836684562513 -175.08052239500603 7.227366965658128 58.61858667146996 reflection_top
2.16044 -15.95836684562513 -175.08052239500603 7.227366965658128 58.61858667146996 reflection_top
2.16044 -15.95836684562513 -175.08052239500603 7.227366965658128 58.61858667146996 reflection_top
0.87436 9.719110854318213 -146.34288947732392 85.94970464208734 51.26640417350434 reflection_top
0.87436 9.719110854318213 -146.34288947732392 85.94970464208734 51.26640417350434 reflection_top
0.87471 9.72145301825866 -146.3452491370196 85.94929405021675 51.26145539963035 reflection_top
0.87436 9.719116787512183 -146.34289190913398 85.94970886952804 51.266395088322405 reflection_top
0.87436 9.719116787512183 -146.34289190913398 85.94970886952804 51.266395088322405 reflection_top
0.87436 9.719116787512183 -146.34289190913398 85.94970886952804 51.266395088322405 reflection_top
7.64751 24.021444424162535 177.69147251851723 86.57031170997288 354.2906119206513 reflection_top
7.64751 24.021444424162535 177.69147251851723 86.57031170997288 354.2906119206513 reflection_top
7.64751 24.021444424162535 177.69147251851723 86.57031170997288 354.2906119206513 reflection_top
7.64751 24.021444424162535 177.69147251851723 86.57031170997288 354.2906119206513 reflection_top
-0.06551 -45.93424906477207 163.33230426507987 66.29571671829129 204.5973490793655 reflection_top
-0.06551 -45.93424906477207 163.33230426507987 66.29571671829129 204.5973490793655 reflection_top
-0.06551 -45.93424906477207 163.33230426507987 66.29571671829129 204.5973490793655 reflection_top
-0.06551 -45.93424906477207 163.33230426507987 66.29571671829129 204.5973490793655 reflection_top
0.17139 13.005707663544028 -140.8132366269594 98.47571024088522 52.64870426782729 reflection_top
0.17139 13.005707663544028 -140.8132366269594 98.47571024088522 52.64870426782729 reflection_top
0.17139 13.005707663544028 -140.8132366269594 98.47571024088522 52.64870426782729 reflection_top
-0.38216 0.1524516314577361 141.64933129242138 89.27870478629467 290.0425451763754 reflection_top
-0.38216 0.1524516314577361 141.64933129242138 89.27870478629467 290.0425451763754 reflection_top
-0.38216 0.1524516314577361 141.64933129242138 89.27870478629467 290.0425451763754 reflection_top
-0.15758 22.9424954604008 -169.2144302606451 85.8555914629202 12.40476851759506 reflection_top
-0.15758 22.9424954604008 -169.2144302606451 85.8555914629202 12.40476851759506 reflection_top
-0.16051 22.926271638378456 -169.22784782985977 85.81849131863795 12.392052617928467 reflection_top
-0.16051 22.926271638378456 -169.22784782985977 85.81849131863795 12.392052617928467 reflection_top
0.99587 13.964051287476451 -155.75397050867596 79.83609468830664 36.25904947249645 reflection_top
0.99587 13.964051287476451 -155.75397050867596 79.83609468830664 36.25904947249645 reflection_top
0.99587 13.964051287476451 -155.75397050867596 79.83609468830664 36.25904947249645 reflection_top
2.05324 -19.757099549872713 164.95098943548433 33.707021554213554 260.2410552663437 reflection_top
2.05324 -19.757099549872713 164.95098943548433 33.707021554213554 260.2410552663437 reflection_top
2.05324 -19.757099549872713 164.95098943548433 33.707021554213554 260.2410552663437 reflection_top
2.05324 -19.757099549872713 164.95098943548433 33.707021554213554 260.2410552663437 reflection_top
1.03592 -6.523850267160532 154.08352525822175 60.86181750688032 289.06432919122585 reflection_top
1.03592 -6.523850267160532 154.08352525822175 60.86181750688032 289.06432919122585 reflection_top
1.03592 -6.523850267160532 154.08352525822175 60.86181750688032 289.06432919122585 reflection_top
1.03592 -6.523850267160532 154.08352525822175 60.86181750688032 289.06432919122585 reflection_top
3.79651 -13.398023354082548 -179.4207367339765 9.602784624847406 343.9477021577628 reflection_top
3.79651 -13.398023354082548 -179.4207367339765 9.602784624847406 343.9477021577628 reflection_top
3.79651 -13.398023354082548 -179.4207367339765 9.602784624847406 343.9477021577628 reflection_top
3.30352 -2.8651819920690786 163.92054817874964 48.12435288320073 308.21947519613377 reflection_top
3.30352 -2.8651819920690786 163.92054817874964 48.12435288320073 308.21947519613377 reflection_top
3.30352 -2.8651819920690786 163.92054817874964 48.12435288320073 308.21947519613377 reflection_top
3.30352 -2.8651819920690786 163.92054817874964 48.12435288320073 308.21947519613377 reflection_top
-0.79899 7.3662562332868875 -140.3809223965197 92.39339230247602 59.235764329828825 reflection_top
-0.79899 7.3662562332868875 -140.3809223965197 92.39339230247602 59.235764329828825 reflection_top
-0.79899 7.3662562332868875 -140.3809223965197 92.39339230247602 59.235764329828825 reflection_top
3.54466 -14.041563851078159 171.22160936572135 22.8508716564497 288.48545246891865 reflection_top
3.54466 -14.041563851078159 171.22160936572135 22.8508716564497 288.48545246891865 reflection_top
3.54466 -14.041563851078159 171.22160936572135 22.8508716564497 288.48545246891865 reflection_top
3.54466 -14.041563851078159 171.22160936572135 22.8508716564497 288.48545246891865 reflection_top
2.58906 10.138333745502218 157.79284028240326 75.81179894420455 317.73688703952627 reflection_top
2.58906 10.138333745502218 157.79284028240326 75.81179894420455 317.73688703952627 reflection_top
2.58906 10.138333745502218 157.79284028240326 75.81179894420455 317.73688703952627 reflection_top
2.58913 10.138352296907842 157.79305494196922 75.81155157989826 317.737175985322 reflection_top
4.06254 -1.357405148138282 -174.0197379420808 35.52699713592686 14.268361722935916 reflection_top
4.06254 -1.357405148138282 -174.0197379420808 35.52699713592686 14.268361722935916 reflection_top
4.47454 0.9670861868118886 -168.62054258919923 43.86611811787531 27.521336388950825 reflection_top
4.47454 0.9670861868118886 -168.62054258919923 43.86611811787531 27.521336388950825 reflection_top
4.47454 0.9670861868118886 -168.62054258919923 43.86611811787531 27.521336388950825 reflection_top
3.63318 -10.679692332393815 -175.0143374445273 16.26086009712367 23.47359593437502 reflection_top
3.63318 -10.679692332393815 -175.0143374445273 16.26086009712367 23.47359593437502 reflection_top
4.78959 -35.94057473553446 -129.10460027569232 95.82203139081261 122.99695137596832 reflection_top
4.78959 -35.94057473553446 -129.10460027569232 95.82203139081261 122.99695137596832 reflection_top
4.78959 -35.940542437209004 -129.10464372824384 95.82195152233402 122.99691556832332 reflection_top
3.26561 -32.33262658546767 -126.11354709777763 99.90566433169532 117.76464538550944 reflection_top
3.26561 -32.33262658546767 -126.11354709777763 99.90566433169532 117.76464538550944 reflection_top
7.91855 20.31206077766967 171.55437579157996 81.38721722637052 344.65940353695885 reflection_top
7.91855 20.31206077766967 171.55437579157996 81.38721722637052 344.65940353695885 reflection_top
7.91855 20.31206077766967 171.55437579157996 81.38721722637052 344.65940353695885 reflection_top
7.91855 20.31206077766967 171.55437579157996 81.38721722637052 344.65940353695885 reflection_top
7.91855 20.31206077766967 171.55437579157996 81.38721722637052 344.65940353695885 reflection_top
5.10230 9.098846097260072 162.69574111903262 68.18021033191368 323.3086468114652 reflection_top
5.10230 9.098846097260072 162.69574111903262 68.18021033191368 323.3086468114652 reflection_top
5.10230 9.098846097260072 162.69574111903262 68.18021033191368 323.3086468114652 reflection_top
5.10230 9.098846097260072 162.69574111903262 68.18021033191368 323.3086468114652 reflection_top
-1.34534 -22.354650969814138 152.2591524498313 58.31858022102899 255.66306997298784 reflection_top
-1.34534 -22.354650969814138 152.2591524498313 58.31858022102899 255.66306997298784 reflection_top
-1.34534 -22.354650969814138 152.2591524498313 58.31858022102899 255.66306997298784 reflection_top
3.28647 4.180100143097286 -177.78089679618267 45.991484065402695 0.9313749465382315 reflection_top
3.28647 4.180100143097286 -177.78089679618267 45.991484065402695 0.9313749465382315 reflection_top
3.28647 4.180100143097286 -177.78089679618267 45.991484065402695 0.9313749465382315 reflection_top
0.31910 -28.96828539361061 152.95831589528933 59.445299608190744 241.72775119418336 reflection_top
0.31910 -28.96828539361061 152.95831589528933 59.445299608190744 241.72775119418336 reflection_top
0.31910 -28.96828539361061 152.95831589528933 59.445299608190744 241.72775119418336 reflection_top
0.31910 -28.96828539361061 152.95831589528933 59.445299608190744 241.72775119418336 reflection_top
-1.12854 -13.686066011052741 -127.82431236030807 99.28666299703818 92.75083805369395 reflection_top
-1.12854 -13.686066011052741 -127.82431236030807 99.28666299703818 92.75083805369395 reflection_top
1.47346 -12.952216139626751 -134.04061743762986 87.74105159677934 89.98417251907314 reflection_top
1.47346 -12.952216139626751 -134.04061743762986 87.74105159677934 89.98417251907314 reflection_top
1.47346 -12.952216139626751 -134.04061743762986 87.74105159677934 89.98417251907314 reflection_top
5.94407 16.718338710960257 173.24500074253876 73.5858001907229 345.68682003254327 reflection_top
5.94407 16.718338710960257 173.24500074253876 73.5858001907229 345.68682003254327 reflection_top
5.94407 16.718338710960257 173.24500074253876 73.5858001907229 345.68682003254327 reflection_top
5.94407 16.718338710960257 173.24500074253876 73.5858001907229 345.68682003254327 reflection_top
2.02936 -14.391223593010698 164.94454350709123 34.697318671817484 279.29082795378855 reflection_top
2.02936 -14.391223593010698 164.94454350709123 34.697318671817484 279.29082795378855 reflection_top
2.02936 -14.391223593010698 164.94454350709123 34.697318671817484 279.29082795378855 reflection_top
2.02936 -14.391223593010698 164.94454350709123 34.697318671817484 279.29082795378855 reflection_top
0.93926 -53.433849244717 -152.73143556888795 83.65623800815779 156.95279255344192 reflection_top
0.93926 -53.433849244717 -152.73143556888795 83.65623800815779 156.95279255344192 reflection_top
0.93926 -53.433849244717 -152.73143556888795 83.65623800815779 156.95279255344192 reflection_top
4.85490 0.1677923944084115 -167.38623928799595 43.59288893897744 31.632174834045735 reflection_top
4.85490 0.1677923944084115 -167.38623928799595 43.59288893897744 31.632174834045735 reflection_top
4.85490 0.1677923944084115 -167.38623928799595 43.59288893897744 31.632174834045735 reflection_top
3.93637 -23.09087026271078 -155.6964001340649 45.08098308138447 107.98816970850291 reflection_top
3.93637 -23.09087026271078 -155.6964001340649 45.08098308138447 107.98816970850291 reflection_top
0.00035 -52.78193899432561 -178.17306093628966 72.17354632744693 180.04539526860503 reflection_top
0.00035 -52.78193899432561 -178.17306093628966 72.17354632744693 180.04539526860503 reflection_top
0.00035 -52.78193899432561 -178.17306093628966 72.17354632744693 180.04539526860503 reflection_top
0.88525 14.776127237413833 -155.9461941321066 80.95870809639591 35.274050170663756 reflection_top
0.88525 14.776127237413833 -155.9461941321066 80.95870809639591 35.274050170663756 reflection_top
3.72767 -23.207858481907834 -178.03910199580702 11.476472455831319 179.11850646569883 reflection_top
3.72767 -23.207858481907834 -178.03910199580702 11.476472455831319 179.11850646569883 reflection_top
3.72767 -23.207858481907834 -178.03910199580702 11.476472455831319 179.11850646569883 reflection_top
3.05549 -19.643668737276652 -169.47685835689978 17.63213859154836 104.2429314324875 reflection_top
3.05549 -19.643668737276652 -169.47685835689978 17.63213859154836 104.2429314324875 reflection_top
3.05549 -19.643668737276652 -169.47685835689978 17.63213859154836 104.2429314324875 reflection_top
3.05549 -19.643668737276652 -169.47685835689978 17.63213859154836 104.2429314324875 reflection_top
1.58755 15.339865809580274 -148.02667111039935 91.43942311309988 43.67775792394144 reflection_top
1.58755 15.339865809580274 -148.02667111039935 91.43942311309988 43.67775792394144 reflection_top
0.38488 -46.920107429496426 179.2874289378973 60.53643610285693 183.61371878793813 reflection_top
0.38488 -46.920107429496426 179.2874289378973 60.53643610285693 183.61371878793813 reflection_top
0.38488 -46.920107429496426 179.2874289378973 60.53643610285693 183.61371878793813 reflection_top
2.64259 10.168221522474024 157.95834983742512 75.64554269450355 317.9771466148258 reflection_top
2.75396 2.8900430992886372 -145.80069753083782 78.37781802934111 60.225122383379016 reflection_top
3.70794 -29.014467423037193 178.87899763464915 24.32779707237865 193.14700991191873 reflection_top
3.70794 -29.014467423037193 178.87899763464915 24.32779707237865 193.14700991191873 reflection_top
3.70794 -29.014467423037193 178.87899763464915 24.32779707237865 193.14700991191873 reflection_top
3.70794 -29.014467423037193 178.87899763464915 24.32779707237865 193.14700991191873 reflection_top
-0.00298 -52.809207387076945 -178.13421929301785 72.22819308412122 180.00444221742913 reflection_top
-0.00349 -52.810108650679155 -178.1299991890364 72.23 179.99999914622634 reflection_top
-0.00349 -52.810108650679155 -178.1299991890364 72.23 179.99999914622634 reflection_top
2.73852 -8.72325922688342 177.51503850656232 21.05711317974832 334.3590942722723 reflection_top
2.73852 -8.72325922688342 177.51503850656232 21.05711317974832 334.3590942722723 reflection_top
1.96664 3.4257326461163005 153.4515183754614 72.66859572657245 304.36422301151117 reflection_top
1.96664 3.4257326461163005 153.4515183754614 72.66859572657245 304.36422301151117 reflection_top
-0.43829 1.198092865862105 -134.72395728089325 95.92541207592728 70.62572170746579 reflection_top
-0.43829 1.198092865862105 -134.72395728089325 95.92541207592728 70.62572170746579 reflection_top
-0.43829 1.198092865862105 -134.72395728089325 95.92541207592728 70.62572170746579 reflection_top
5.12945 27.61055648142157 169.83864075883375 96.26283303600194 345.3354597303941 reflection_top
5.12945 27.61055648142157 169.83864075883375 96.26283303600194 345.3354597303941 reflection_top
5.12945 27.61055648142157 169.83864075883375 96.26283303600194 345.3354597303941 reflection_top
5.12945 27.61055648142157 169.83864075883375 96.26283303600194 345.3354597303941 reflection_top
5.12945 27.61055648142157 169.83864075883375 96.26283303600194 345.3354597303941 reflection_top
5.12945 27.61055648142157 169.83864075883375 96.26283303600194 345.3354597303941 reflection_top
5.12945 27.61055648142157 169.83864075883375 96.26283303600194 345.3354597303941 reflection_top
5.12945 27.61055648142157 169.83864075883375 96.26283303600194 345.3354597303941 reflection_top
5.99456 -44.39635865673003 -130.17905344370175 98.18369897409461 134.43312799932272 reflection_top
5.99456 -44.39635865673003 -130.17905344370175 98.18369897409461 134.43312799932272 reflection_top
1.64271 7.901928384780851 -147.6803947664838 81.55375921011243 52.046638896560765 reflection_top
1.64271 7.901928384780851 -147.6803947664838 81.55375921011243 52.046638896560765 reflection_top
1.64271 7.901928384780851 -147.6803947664838 81.55375921011243 52.046638896560765 reflection_top
1.29968 17.586362310397508 152.87836323319374 93.382404057495 319.564609674298 reflection_top
1.29968 17.586362310397508 152.87836323319374 93.382404057495 319.564609674298 reflection_top
1.29968 17.586362310397508 152.87836323319374 93.382404057495 319.564609674298 reflection_top
2.32741 -0.10304735476397132 174.63718862352349 39.954485484956976 337.30532572693363 reflection_top
2.32741 -0.10304735476397132 174.63718862352349 39.954485484956976 337.30532572693363 reflection_top
2.32741 -0.10304735476397132 174.63718862352349 39.954485484956976 337.30532572693363 reflection_top
2.36877 -8.463979056286538 -168.0226901377758 28.42408399457131 47.867260554113166 reflection_top
2.36877 -8.463979056286538 -168.0226901377758 28.42408399457131 47.867260554113166 reflection_top
2.36877 -8.463979056286538 -168.0226901377758 28.42408399457131 47.867260554113166 reflection_top
5.54105 22.883735830176377 165.769697105228 89.75651259597794 338.2517886098322 reflection_top
5.54105 22.883735830176377 165.769697105228 89.75651259597794 338.2517886098322 reflection_top
5.54105 22.883735830176377 165.769697105228 89.75651259597794 338.2517886098322 reflection_top
5.54105 22.883735830176377 165.769697105228 89.75651259597794 338.2517886098322 reflection_top
6.71589 14.290459251749596 166.2459157153059 73.66368343029642 333.3426151785813 reflection_top
6.71589 14.290459251749596 166.2459157153059 73.66368343029642 333.3426151785813 reflection_top
6.71589 14.290459251749596 166.2459157153059 73.66368343029642 333.3426151785813 reflection_top
6.71589 14.290459251749596 166.2459157153059 73.66368343029642 333.3426151785813 reflection_top
0.74020 -22.364851275821312 159.32773196553205 45.04837569784044 253.99790319382103 reflection_top
3.98578 16.337055328072456 178.6226284466887 71.05366034041049 354.4582719370453 reflection_top
3.98578 16.3370547506968 178.6226310108257 71.05365870834838 354.45827618991984 reflection_top
3.98578 16.3370547506968 178.6226310108257 71.05365870834838 354.45827618991984 reflection_top
0.18639 22.321644388303373 -167.0121892223667 85.66440963619954 15.603805122861683 reflection_top
0.18811 22.314164750126782 -166.99981373410174 85.65635547448942 15.623518654298723 reflection_top
0.18998 22.32589476221379 -167.00057847472078 85.67850879130292 15.617590920490079 reflection_top
0.19170 22.334464229769594 -166.99968920773455 85.69543313910638 15.615202064443087 reflection_top
0.19251 22.325328189350806 -166.98987192376399 85.68289286509986 15.632174565433457 reflection_top
0.00320 24.364206579401223 -168.97312938706088 88.72260851543994 12.256124326322514 reflection_top
0.00500 24.35557578946708 -168.95783087367002 88.71197152441775 12.278831010975095 reflection_top
-0.00056 24.34465385805116 -168.98529887889097 88.67965911356771 12.246643211582516 reflection_top
0.00179 24.346514696953196 -168.97215139529413 88.68856938445118 12.263148097916076 reflection_top
0.00069 24.350826606087285 -168.98109486330134 88.69336356244801 12.250108982592518 reflection_top
-0.32848 -0.080483433308763 141.59707534111936 89.16345803788097 289.70504762768724 reflection_top
0.51223 -30.009031981422794 152.34018018483155 61.10940543179165 240.00951741294662 reflection_top
0.56606 -30.444929117726183 152.01929035780168 61.91557129095234 239.34540042785508 reflection_top
0.56640 -30.450094225843557 152.01155419548377 61.93166450654803 239.33972714300876 reflection_top
0.56639 -30.450079206958357 152.0115627007639 61.93164092667013 239.33975116812007 reflection_top
0.56486 -30.44065072384429 152.0103956570196 61.92763774026713 239.35833713921542 reflection_top
0.56486 -30.44065476507393 152.01043758321146 61.92757069904325 239.35830688902695 reflection_top
2.34355 -0.0996547462080046 174.6173008845465 39.97601207586664 337.2524908706797 reflection_top
2.34355 -0.0996547462080046 174.6173008845465 39.97601207586664 337.2524908706797 reflection_top
2.36138 0.10482373670602146 174.7600808385093 40.26470314654679 337.8852714403355 reflection_top
2.36388 0.1131673223915101 174.7635800415817 40.278283495106045 337.90429861591804 reflection_top
2.35592 0.10649536587944343 174.76915471099468 40.261279048251026 337.9128606461545 reflection_top
2.11965 -0.4796884263525596 174.6445368389275 39.22339170717609 336.89487422478464 reflection_top
2.11406 -0.488178822947775 174.6464530033843 39.20558619342758 336.89051757437346 reflection_top
2.12134 -0.4857454252762409 174.63768885706497 39.216985217944746 336.8679894950138 reflection_top
0.56815 -29.971332211008697 152.91901021423408 60.11899527954237 239.76628714713073 reflection_top
0.56825 -29.969103866878232 152.92329033126563 60.11044233338024 239.76825694129388 reflection_top
0.56927 -29.977300301865323 152.91893067919136 60.12291286661728 239.75465348595492 reflection_top
0.56735 -29.971135096748405 152.91289478900165 60.129072205826134 239.7700880739917 reflection_top
0.56735 -29.97200013982562 152.9115155341991 60.13192141232196 239.7691655868016 reflection_top
0.56714 -29.97116983601003 152.91114546092706 60.1320125596576 239.77099672739277 reflection_top
0.56695 -29.96981823287983 152.91163991741854 60.130331127798414 239.7733652580789 reflection_top
0.56726 -29.970311642674726 152.91345431324072 60.12761687352345 239.77138690529662 reflection_top
0.36888 -20.009051040535116 139.86932368530427 81.68866036941965 259.8352369118438 reflection_top
0.36910 -20.00998098143863 139.86853249528764 81.69001551915548 259.8337033577914 reflection_top
0.36905 -20.008575297578858 139.86787199761673 81.69146504022281 259.8358306456245 reflection_top
0.36891 -20.00749343892236 139.8680951916952 81.6912023362279 259.83754304872735 reflection_top
0.36874 -20.007875931860937 139.86941449288747 81.68866067876667 259.8370813771577 reflection_top
0.36847 -20.008095701162656 139.87127718090906 81.68511891461736 259.83692964930924 reflection_top
0.36864 -20.012964988296652 139.8734556888134 81.6803044763964 259.82954868794315 reflection_top
0.36928 -20.015618069969605 139.8711240320564 81.6843114111197 259.8251659240428 reflection_top
0.81905 -20.413907414944084 159.20124368632383 44.89519933881628 259.3037407406534 reflection_top
0.81914 -20.413064571496545 159.20180480197985 44.894027480129225 259.3059504911703 reflection_top
0.81910 -20.414717500887935 159.20195786435468 44.893918880375786 259.30143889594467 reflection_top
0.81896 -20.414128008587134 159.2003683595622 44.89690479247076 259.3032658406716 reflection_top
0.81896 -20.408873793888247 159.19860775621817 44.89969778226259 259.3177860721837 reflection_top
0.81954 -20.41212710457146 159.2055694662705 44.886693805357424 259.30796295863354 reflection_top
0.81951 -20.415943517939827 159.20654809796454 44.88524288568415 259.29745556818153 reflection_top
0.81865 -20.418734360970042 159.1987115781374 44.90060319214504 259.29099053641465 reflection_top
-0.16046 22.92699047349159 -169.228043258896 85.81981338791606 12.3915482019097 reflection_top
-0.15972 22.926700605110536 -169.220863621326 85.82217283066916 12.401352961293146 reflection_top
-0.16009 22.921374077768192 -169.21976011999445 85.81223689985862 12.404626237998523 reflection_top
-0.16096 22.9188616590293 -169.22577564786744 85.8048868034531 12.397331171353045 reflection_top
-0.16121 22.922744800536247 -169.23142629435839 85.81015734835589 12.388391683552747 reflection_top
-0.16063 22.923110519275415 -169.2262420938577 85.81298148280815 12.395280258909148 reflection_top
-0.16049 22.922787756346953 -169.22471323565057 85.81297492106475 12.397455592514897 reflection_top
-0.16062 22.922266788243224 -169.22544583164478 85.81166067127516 12.396639035235753 reflection_top
0.41347 -46.84679755660121 179.4086206936523 60.37459677879512 183.45740983893364 reflection_top
0.41400 -46.848988837389435 179.41652818927886 60.378092213130024 183.44596826351417 reflection_top
0.41284 -46.85421392750018 179.4154886852708 60.38872650371841 183.44652469517965 reflection_top
0.41165 -46.85520796500317 179.4073152740352 60.391671606862865 183.45778619058697 reflection_top
0.41201 -46.85056415966901 179.40278681258812 60.3828521614467 183.46492219233605 reflection_top
0.41286 -46.85070627960241 179.40999745259825 60.38230272552694 183.45480996601205 reflection_top
0.41285 -46.851301554203225 179.41088412294786 60.38339800562173 183.4534669900271 reflection_top
0.41267 -46.8514578947068 179.40959909268443 60.383861245345834 183.45523779051513 reflection_top
0.96822 16.432311193512845 -154.35732508081185 85.43713663468735 35.740033969035956 reflection_top
0.96705 16.43628410764212 -154.363207849782 85.43709495807555 35.72960895899557 reflection_top
0.96923 16.43632141626526 -154.35269846180387 85.44882902282227 35.74198175439413 reflection_top
0.96831 16.426835575190697 -154.3565249605308 85.4290782825686 35.74577617981809 reflection_top
1.83384 8.339341035506596 -150.4824843953954 78.03036876949128 48.5415039307954 reflection_top
1.83374 8.339625440358487 -150.48183609936308 78.03169416749559 48.541894258770114 reflection_top
1.83389 8.338976857611744 -150.4810636531539 78.03189295665595 48.543521939178696 reflection_top
1.83397 8.338823360830142 -150.48211432083394 78.03017469282631 48.542527413405466 reflection_top
1.83387 8.339101539005089 -150.48159416598025 78.03130800396191 48.54278172253138 reflection_top
1.83320 8.341916211052427 -150.48450713918163 78.03107432908621 48.53620930234737 reflection_top
1.83377 8.339018916712824 -150.47798440928318 78.03635881075608 48.54691654962992 reflection_top
1.83508 8.3348289891781 -150.48299480399544 78.0233306182493 48.546245824596625 reflection_top
3.28587 4.1772386389479825 -177.78622835574822 45.98542429785607 0.9172700411825515 reflection_top
3.28657 4.1789645914353475 -177.78079202398743 45.9891488324893 0.931701585234821 reflection_top
3.28547 4.178781204528709 -177.7880702993971 45.98854401014559 0.9122932785985408 reflection_top
3.28592 4.17391230702578 -177.78758156170153 45.978532127078594 0.9137954024967975 reflection_top
4.84157 0.08417938369111236 -167.55357730334327 43.2725809768207 31.339702617022095 reflection_top
4.84054 0.08879927049283161 -167.55467422391072 43.279775033133866 31.330519777546254 reflection_top
4.84258 0.08401861268185179 -167.5478939338008 43.278049956879684 31.353917114597174 reflection_top
4.84173 0.08120405895993472 -167.55587528110905 43.26490491617314 31.338221378692747 reflection_top
-0.12336 22.919940581577894 -168.92355674476968 85.93210158043154 12.805093046767439 reflection_top
-0.12215 22.927479357176328 -168.9204564876031 85.94808001454328 12.806674766139214 reflection_top
-0.12178 22.921460991486185 -168.91348797206516 85.9392977997494 12.818144841396546 reflection_top
-0.12316 22.913130788375415 -168.9171719543613 85.92153267058409 12.816050996250492 reflection_top
-0.12499 22.918983573457947 -168.9344876051965 85.92564400815711 12.790682280844797 reflection_top
-0.12403 22.92289689422613 -168.9305297192827 85.93492484168529 12.79467204888827 reflection_top
-0.12076 22.93591759999971 -168.91680182023256 85.96604246393302 12.808692723110303 reflection_top
-0.11897 22.933401788315013 -168.9024649272268 85.96718169132457 12.828882865000853 reflection_top
-0.11871 22.922976014237236 -168.89316808998444 85.95080987041845 12.845014467826879 reflection_top
-0.12172 22.91261731789719 -168.90670151203614 85.924942936987 12.830347743818274 reflection_top
-0.12439 22.90441649783871 -168.9195625069863 85.9035643130245 12.815832994992824 reflection_top
-0.12641 22.903869056096685 -168.93361069743477 85.89658981542846 12.797070615186248 reflection_top
-0.12827 22.903481556618846 -168.9467079109243 85.89033427490364 12.779533213146616 reflection_top
-0.12747 22.91731540007043 -168.95117158481654 85.91539337028439 12.76875374811735 reflection_top
-0.12580 22.920354550056686 -168.94130747163916 85.92544889967593 12.7810129911052 reflection_top
-0.12458 22.92911256582278 -168.93894303684894 85.94349102161374 12.781188442555994 reflection_top
-0.12292 22.937508584042256 -168.93319684007716 85.96224826778341 12.786046454405897 reflection_top
-0.11860 22.917993404640438 -168.88876784211146 85.94296963734158 12.85266867319372 reflection_top
-0.11974 22.911353967914874 -168.89193289618848 85.92871228199976 12.85069797252605 reflection_top
-0.12338 22.919818080006262 -168.92365327498203 85.93182252787388 12.805005103026316 reflection_top
-0.12338 22.91981789447686 -168.92365442365718 85.93182168363637 12.805003618059718 reflection_top
-0.10386 23.249969328758546 -171.1361126266116 85.75905719887571 9.703802618622506 reflection_top
-0.10022 23.249071393963508 -171.1578370143792 85.75035244540467 9.674425662529227 reflection_top
-0.10310 23.24226319249592 -171.14097719545546 85.74233091498063 9.699199408301915 reflection_top
-0.10183 23.236590416683384 -171.14875150397987 85.72867883752062 9.690091405740036 reflection_top
-0.10452 23.238929297550698 -171.13262502233766 85.73843897267845 9.711463968158062 reflection_top
2.80533 10.05139978755004 158.3329397857929 74.9878720214114 318.3246511425535 reflection_top
5.10291 9.096574931561715 162.69735578265968 68.17459675305567 323.30863626427714 reflection_top
1.33707 10.92958901933755 -152.27434052865135 79.32367255225259 43.56369873996359 reflection_top
1.33648 10.933748896926517 -152.27678479443287 79.32669594558145 43.55635097345653 reflection_top
1.33691 10.929271919477184 -152.2696944020342 79.32930753341637 43.56950050860091 reflection_top
1.33768 10.92595462138989 -152.27431827653777 79.31825253137109 43.5676348939906 reflection_top
1.33529 10.939743602070537 -152.27271470550264 79.34103701986699 43.55468739800107 reflection_top
1.33672 10.927823326028973 -152.2603539302646 79.33942223278264 43.58203457426666 reflection_top
1.33836 10.919763130445991 -152.26651157782666 79.31923923840017 43.58347235960196 reflection_top
1.33961 10.914668091143756 -152.2748729326319 79.30060188361716 43.57912825435688 reflection_top
1.33757 10.930852166667236 -152.28975690706804 79.30529645033836 43.544215279257486 reflection_top
1.33600 10.938883201146536 -152.28499180356226 79.32360584667008 43.54118106576315 reflection_top
1.33226 10.940873081091029 -152.21062031455938 79.42443025892283 43.62637691990274 reflection_top
1.33233 10.940722300114436 -152.21164644324617 79.42285339059012 43.62533554558154 reflection_top
1.34494 10.877021532451828 -152.25187556370685 79.27446091810445 43.64670257210644 reflection_top
1.33592 10.953201353278889 -152.335402364598 79.27887118241283 43.46647668281348 reflection_top
1.33706 10.92965077019477 -152.2743195093134 79.3237927838323 43.563657016497395 reflection_top
1.46842 14.032794587757486 -149.77422165506994 87.22709756773139 43.15345643916119 reflection_top
1.46920 14.03524717461408 -149.76801109577806 87.23882254296994 43.157640144394236 reflection_top
1.46964 14.035417977280781 -149.76060748368056 87.24870835187794 43.16536929967894 reflection_top
1.46786 14.027568324035796 -149.7675666949899 87.22798601937298 43.16576733278276 reflection_top
1.46853 14.030773111845829 -149.76576043648777 87.23509981479646 43.164500537625315 reflection_top
1.46853 14.029390705765685 -149.76133581241248 87.23880200499414 43.170599349699756 reflection_top
1.46937 14.032723391505288 -149.756925506797 87.24949410049943 43.17198271421961 reflection_top
1.46691 14.02269917104327 -149.76912666493297 87.21871871737558 43.16895618055239 reflection_top
1.46778 14.025803069109617 -149.76343190632767 87.23074218504131 43.17193897728343 reflection_top
1.46797 14.025388343441822 -149.75866548156145 87.23632832986337 43.1774378489675 reflection_top
1.46663 14.019690762995824 -149.7645640569884 87.22018437511208 43.176824294976996 reflection_top
1.46736 14.022335293168847 -149.75979251326436 87.23032425815816 43.17927903434619 reflection_top
1.46787 14.02351802172741 -149.75443094606499 87.23905980500419 43.18381980462408 reflection_top
1.46858 14.029693504006255 -149.76140532745836 87.2391616082691 43.17022337518706 reflection_top
1.46856 14.029569212360492 -149.76138496190237 87.23900337004098 43.170368988301334 reflection_top
1.46855 14.029425084117797 -149.76117715210884 87.23905955061709 43.17073436007344 reflection_top
6.08955 16.791360463740883 172.90469592739765 73.8914686105263 345.1761555778872 reflection_top
-1.31116 -22.566431842114113 152.3635163771235 58.15382335906433 255.1997053473669 reflection_top
1.20708 17.64488617043972 152.629856472611 93.77801749486365 319.36544096804613 reflection_top
0.48969 6.515099302848627 -143.8252365457611 85.82175416569868 57.369113780881946 reflection_top
0.48744 6.513098322292321 -143.82001355199657 85.82776476333665 57.37614946822197 reflection_top
0.49155 6.5130266840546565 -143.82788272912796 85.81503920757936 57.36929589294587 reflection_top
0.48953 6.518685403817409 -143.8265501783422 85.82390859605007 57.363601672737566 reflection_top
0.49388 6.505140952722243 -143.8287926780401 85.80420138849277 57.37806805999352 reflection_top
0.49502 6.517544303388577 -143.83659169326313 85.80642399396227 57.35612773050946 reflection_top
0.49147 6.52508342841242 -143.8331729486801 85.82088178359352 57.34999262147785 reflection_top
0.48754 6.521266066673363 -143.82388720005224 85.8312546562379 57.362818045146085 reflection_top
0.49874 6.51135448889737 -143.84094537604415 85.79206982162086 57.359801009938835 reflection_top
0.48987 6.515301750730763 -143.82568846508627 85.82126900206288 57.36846939174787 reflection_top
0.48987 6.515301750730763 -143.82568846508627 85.82126900206288 57.36846939174787 reflection_top
0.48969 6.515099302848627 -143.8252365457611 85.82175416569868 57.369113780881946 reflection_top
0.48969 6.515099859900996 -143.82523721333706 85.82175375578677 57.36911251578532 reflection_top
3.89015 13.440189970332609 161.39772953351334 76.87075910310848 325.7402286223455 reflection_top
0.29584 -46.871205314314004 178.3876365701378 60.566083163016806 184.8762734427079 reflection_top
0.29580 -46.87265357069802 178.389600794153 60.568666735905246 184.8731931025146 reflection_top
0.29581 -46.87263570222274 178.3896161619401 60.56862839968225 184.87317607692995 reflection_top
2.63975 -0.03770802712298947 174.2602371277676 40.36964747288562 336.3145946454996 reflection_top
1.74178 -0.764417534391222 175.01562740994083 38.393973731749256 337.6524441391403 reflection_top
0.81946 -20.41721475557949 159.20643425631067 44.88560439140493 259.29401810551155 reflection_top
1.32611 24.16745534412529 -159.09702219813434 94.27937246802936 24.49246160761812 reflection_top
